#
#Feature symbol names
#
$0 r17.7165


#
#Feature attribute names
#


#
#Layer features
#
P 0.218886 2.33861 0 P 0 0
P 0.242486 2.30711 0 P 0 0
P 0.435386 2.06691 0 P 0 0
P 0.435386 2.03151 0 P 0 0
P 0.455086 1.64961 0 P 0 0
P 0.632286 1.64961 0 P 0 0
P 0.642286 3.24411 0 P 0 0
P 0.651986 2.49611 0 P 0 0
P 0.691386 2.29921 0 P 0 0
P 0.740786 3.29921 0 P 0 0
P 0.750386 3.97241 0 P 0 0
P 0.750386 2.49611 0 P 0 0
P 0.860586 2.15751 0 P 0 0
P 0.888186 2.31891 0 P 0 0
P 0.927585 2.35831 0 P 0 0
P 0.966886 1.59051 0 P 0 0
P 0.978786 2.15751 0 P 0 0
P 1.04569 2.41731 0 P 0 0
P 1.08509 1.59051 0 P 0 0
P 1.09689 2.15751 0 P 0 0
P 1.14409 2.57481 0 P 0 0
P 1.14999 2.30901 0 P 0 0
P 1.18349 2.29921 0 P 0 0
P 1.20319 1.59051 0 P 0 0
P 1.21499 2.15751 0 P 0 0
P 1.28189 2.73231 0 P 0 0
P 1.28189 2.59451 0 P 0 0
P 1.28189 2.43701 0 P 0 0
P 1.28189 2.29921 0 P 0 0
P 1.28189 2.22051 0 P 0 0
P 1.28189 2.15751 0 P 0 0
P 1.32129 1.59051 0 P 0 0
P 1.33509 1.27161 0 P 0 0
P 1.33509 1.20871 0 P 0 0
P 1.33699 1.33461 0 P 0 0
P 1.33899 1.14571 0 P 0 0
P 1.33899 1.08271 0 P 0 0
P 1.36059 2.83071 0 P 0 0
P 1.36059 1.00391 0 P 0 0
P 1.38029 1.64961 0 P 0 0
P 1.38029 1.59051 0 P 0 0
P 1.41969 1.61421 0 P 0 0
P 1.42759 2.19291 0 P 0 0
P 1.45909 2.92911 0 P 0 0
P 1.46689 2.13421 0 P 0 0
P 1.47879 1.61421 0 P 0 0
P 1.53779 1.61421 0 P 0 0
P 1.57719 3.04721 0 P 0 0
P 1.59289 1.61421 0 P 0 0
P 1.62049 1.69291 0 P 0 0
P 1.64409 1.75201 0 P 0 0
P 1.68979 1.39141 0 P 0 0
P 1.69529 1.62991 0 P 0 0
P 1.69529 1.57091 0 P 0 0
P 1.69729 1.08271 0 P 0 0
P 1.73469 3.04721 0 P 0 0
P 1.74839 0.933108 0 P 0 0
P 1.75429 1.57091 0 P 0 0
P 1.80359 0.956708 0 P 0 0
P 1.81339 1.62991 0 P 0 0
P 1.84689 1.85431 0 P 0 0
P 1.87249 1.62991 0 P 0 0
P 1.87249 1.57091 0 P 0 0
P 1.89209 3.04721 0 P 0 0
P 1.93149 1.62991 0 P 0 0
P 1.93149 1.57091 0 P 0 0
P 1.95409 1.20181 0 P 0 0
P 1.96439 1.15451 0 P 0 0
P 1.99059 1.62991 0 P 0 0
P 1.99059 1.57091 0 P 0 0
P 2.01049 1.42101 0 P 0 0
P 2.03779 1.80711 0 P 0 0
P 2.04959 3.04721 0 P 0 0
P 2.06339 0.783508 0 P 0 0
P 2.10469 1.61811 0 P 0 0
P 2.10869 1.15751 0 P 0 0
P 2.11259 1.22051 0 P 0 0
P 2.14409 1.02751 0 P 0 0
P 2.14799 2.12601 0 P 0 0
P 2.16769 2.98821 0 P 0 0
P 2.17949 1.37601 0 P 0 0
P 2.21069 1.61861 0 P 0 0
P 2.28579 2.87011 0 P 0 0
P 2.29369 1.61811 0 P 0 0
P 2.32029 2.12601 0 P 0 0
P 2.33699 2.07091 0 P 0 0
P 2.34099 1.49211 0 P 0 0
P 2.38029 1.61811 0 P 0 0
P 2.40399 2.75201 0 P 0 0
P 2.40399 2.53541 0 P 0 0
P 2.40399 2.37791 0 P 0 0
P 2.42659 2.08271 0 P 0 0
P 2.47479 2.18501 0 P 0 0
P 2.49059 1.61811 0 P 0 0
P 2.51809 2.18501 0 P 0 0
P 2.56539 2.18501 0 P 0 0
P 2.58509 1.61811 0 P 0 0
P 2.59689 0.921308 0 P 0 0
P 2.60079 3.65751 0 P 0 0
P 2.60079 3.53941 0 P 0 0
P 2.60079 3.42131 0 P 0 0
P 2.60079 3.30311 0 P 0 0
P 2.60079 3.18501 0 P 0 0
P 2.60079 3.06691 0 P 0 0
P 2.60079 2.94881 0 P 0 0
P 2.60079 2.83071 0 P 0 0
P 2.61259 2.18501 0 P 0 0
P 2.67859 2.90651 0 P 0 0
P 2.68739 1.61811 0 P 0 0
P 2.69919 2.43701 0 P 0 0
P 2.71889 2.83071 0 P 0 0
P 2.72969 2.90651 0 P 0 0
P 2.75829 3.65751 0 P 0 0
P 2.76809 1.71161 0 P 0 0
P 2.78879 2.90651 0 P 0 0
P 2.79959 1.71281 0 P 0 0
P 2.83699 3.65751 0 P 0 0
P 2.83699 2.83071 0 P 0 0
P 2.83999 2.90651 0 P 0 0
P 2.85669 2.43701 0 P 0 0
P 2.95509 3.69681 0 P 0 0
P 2.95509 2.83071 0 P 0 0
P 2.97479 3.59841 0 P 0 0
P 2.97479 2.43701 0 P 0 0
P 2.99449 1.17721 0 P 0 0
P 3.03389 2.83071 0 P 0 0
P 3.07319 3.69681 0 P 0 0
P 3.11259 3.59841 0 P 0 0
P 3.13229 2.43701 0 P 0 0
P 3.15489 2.97341 0 P 0 0
P 3.17169 2.83071 0 P 0 0
P 3.19139 3.69681 0 P 0 0
P 3.19429 2.97341 0 P 0 0
P 3.23069 3.48031 0 P 0 0
P 3.23069 3.36221 0 P 0 0
P 3.23069 3.24411 0 P 0 0
P 3.23069 3.14571 0 P 0 0
P 3.23069 1.17721 0 P 0 0
P 3.25039 2.83071 0 P 0 0
P 3.27009 3.61811 0 P 0 0
P 3.28879 3.07181 0 P 0 0
P 3.28979 2.43701 0 P 0 0
P 3.32909 2.83071 0 P 0 0
P 3.34879 3.53941 0 P 0 0
P 3.38819 1.17721 0 P 0 0
P 3.40789 2.83071 0 P 0 0
P 3.42269 2.97241 0 P 0 0
P 3.42759 3.46061 0 P 0 0
P 3.44729 3.00791 0 P 0 0
P 3.44729 2.43701 0 P 0 0
P 3.48659 2.83071 0 P 0 0
P 3.50629 3.38191 0 P 0 0
P 3.50629 2.65351 0 P 0 0
P 3.50629 2.45671 0 P 0 0
P 3.54569 2.43701 0 P 0 0
P 3.54569 1.17721 0 P 0 0
P 3.56539 2.83071 0 P 0 0
P 3.60469 3.02751 0 P 0 0
P 3.62439 2.83071 0 P 0 0
P 3.68349 2.83071 0 P 0 0
P 3.68349 2.43701 0 P 0 0
P 3.70319 1.17721 0 P 0 0
P 3.84099 2.43701 0 P 0 0
P 3.86059 1.17721 0 P 0 0
P 3.93939 1.17721 0 P 0 0
P 3.99839 2.43701 0 P 0 0
P 4.09689 1.17721 0 P 0 0
P 4.11059 3.21061 0 P 0 0
P 4.11659 2.43701 0 P 0 0
P 4.21499 3.44291 0 P 0 0
P 4.25429 1.49211 0 P 0 0
P 4.25429 1.33461 0 P 0 0
P 4.25429 1.17721 0 P 0 0
P 4.29369 1.62991 0 P 0 0
P 4.29369 1.55121 0 P 0 0
P 4.36959 1.85431 0 P 0 0
P 4.36959 1.81501 0 P 0 0
P 4.36959 1.77561 0 P 0 0
P 4.39209 3.45271 0 P 0 0
P 4.39209 3.42131 0 P 0 0
P 4.39999 2.29921 0 P 0 0
P 4.40089 2.25981 0 P 0 0
P 4.41289 1.85431 0 P 0 0
P 4.41289 1.81501 0 P 0 0
P 4.41289 1.77561 0 P 0 0
P 4.43149 1.32091 0 P 0 0
P 4.45119 1.68901 0 P 0 0
P 4.45619 1.85431 0 P 0 0
P 4.45619 1.81501 0 P 0 0
P 4.45619 1.77561 0 P 0 0
P 4.45999 2.29921 0 P 0 0
P 4.45999 2.25981 0 P 0 0
P 4.46689 1.31891 0 P 0 0
P 4.47089 2.77561 0 P 0 0
P 4.49059 1.23621 0 P 0 0
P 4.49949 1.85431 0 P 0 0
P 4.49949 1.81501 0 P 0 0
P 4.49949 1.77561 0 P 0 0
P 4.50629 1.62601 0 P 0 0
P 4.50629 1.27161 0 P 0 0
P 4.52989 3.77561 0 P 0 0
P 4.54959 3.81691 0 P 0 0
P 4.54959 2.90941 0 P 0 0
P 4.56929 1.94491 0 P 0 0
P 4.58509 1.52361 0 P 0 0
P 4.58509 1.31101 0 P 0 0
P 4.58509 0.606308 0 P 0 0
P 4.58899 2.91141 0 P 0 0
P 4.58899 1.27561 0 P 0 0
P 4.60869 1.68111 0 P 0 0
P 4.62839 1.51181 0 P 0 0
P 4.62839 0.921308 0 P 0 0
P 4.62839 0.685008 0 P 0 0
P 4.65589 0.889808 0 P 0 0
P 4.65589 0.440908 0 P 0 0
P 4.72679 1.96461 0 P 0 0
P 4.74649 2.43701 0 P 0 0
P 4.76619 2.69291 0 P 0 0
P 4.76619 1.66931 0 P 0 0
P 4.78579 2.43901 0 P 0 0
P 4.82519 3.32481 0 P 0 0
P 4.84489 3.63781 0 P 0 0
P 4.84489 3.59451 0 P 0 0
P 4.84489 3.55901 0 P 0 0
P 4.84489 2.59451 0 P 0 0
P 4.84489 2.55511 0 P 0 0
P 4.86459 0.563008 0 P 0 0
P 4.88429 1.96461 0 P 0 0
P 4.92359 1.66931 0 P 0 0
P 4.92359 1.51181 0 P 0 0
P 4.92359 1.43311 0 P 0 0
P 4.92359 1.27561 0 P 0 0
P 4.92359 1.11811 0 P 0 0
P 4.94329 0.803108 0 P 0 0
P 4.94329 0.704708 0 P 0 0
P 4.94329 0.527508 0 P 0 0
P 4.96299 0.842508 0 P 0 0
P 5.00239 0.704708 0 P 0 0
P 5.04169 1.96461 0 P 0 0
P 5.10079 0.507908 0 P 0 0
P 5.12839 0.547208 0 P 0 0
P 5.15989 0.606308 0 P 0 0
P 5.23859 1.96461 0 P 0 0
P 5.37639 0.822808 0 P 0 0
P 5.45509 1.96461 0 P 0 0
P 5.46599 0.547208 0 P 0 0
P 5.49449 2.59641 0 P 0 0
P 5.49449 2.49801 0 P 0 0
P 5.53389 2.59451 0 P 0 0
P 5.53389 2.49611 0 P 0 0
P 5.53389 0.704708 0 P 0 0
P 5.53389 0.527508 0 P 0 0
P 5.59289 0.704708 0 P 0 0
P 5.61259 1.96461 0 P 0 0
P 5.67169 0.507908 0 P 0 0
P 5.71099 0.547208 0 P 0 0
P 5.77009 1.96461 0 P 0 0
P 5.92759 1.96461 0 P 0 0
P 5.98659 0.803108 0 P 0 0
P 6.04569 3.79531 0 P 0 0
P 6.04569 3.51971 0 P 0 0
P 6.04569 3.36221 0 P 0 0
P 6.04569 3.20471 0 P 0 0
P 6.04569 3.04721 0 P 0 0
P 6.04569 2.92911 0 P 0 0
P 6.04569 2.77161 0 P 0 0
P 6.04569 2.57481 0 P 0 0
P 6.04569 2.22051 0 P 0 0
P 6.04569 2.10241 0 P 0 0
P 6.04569 1.96461 0 P 0 0
P 6.06319 0.563008 0 P 0 0
P 6.12439 0.704708 0 P 0 0
P 6.12439 0.527508 0 P 0 0
P 6.16379 1.98421 0 P 0 0
P 6.18349 0.704708 0 P 0 0
P 6.20319 1.98421 0 P 0 0
P 6.26219 0.507908 0 P 0 0
P 6.30159 0.547208 0 P 0 0
P 6.51809 3.79531 0 P 0 0
P 6.55749 0.803108 0 P 0 0
P 6.65379 0.563008 0 P 0 0
P 6.71499 0.704708 0 P 0 0
P 6.71499 0.527508 0 P 0 0
P 6.77399 0.704708 0 P 0 0
P 6.88819 0.570908 0 P 0 0
P 6.89209 0.527508 0 P 0 0
P 6.93939 0.618108 0 P 0 0
P 6.93939 0.476408 0 P 0 0
P 6.99059 3.79531 0 P 0 0
P 7.02598 2.04331 0 P 0 0
P 7.02989 2.08071 0 P 0 0
P 7.04958 3.24211 0 P 0 0
P 7.14799 1.35241 0 P 0 0
P 7.17169 0.858308 0 P 0 0
P 7.18739 1.33461 0 P 0 0
P 7.24429 0.563008 0 P 0 0
P 7.24649 2.67131 0 P 0 0
P 7.24649 2.10041 0 P 0 0
P 7.24649 1.52951 0 P 0 0
P 7.24649 0.958708 0 P 0 0
P 7.30549 3.91341 0 P 0 0
P 7.30549 0.704708 0 P 0 0
P 7.30549 0.527508 0 P 0 0
P 7.34489 0.527508 0 P 0 0
P 7.36459 0.704708 0 P 0 0
P 7.42359 3.53741 0 P 0 0
P 7.42359 3.50001 0 P 0 0
P 7.42359 2.96651 0 P 0 0
P 7.42359 2.92911 0 P 0 0
P 7.42359 2.39571 0 P 0 0
P 7.42359 2.35831 0 P 0 0
P 7.42359 1.82481 0 P 0 0
P 7.42359 1.78741 0 P 0 0
P 7.42359 1.25391 0 P 0 0
P 7.42359 1.21651 0 P 0 0
P 7.50239 2.55121 0 P 0 0
P 7.50239 1.96851 0 P 0 0
P 7.50239 1.42131 0 P 0 0
P 7.50699 0.846408 0 P 0 0
P 7.51419 3.12991 0 P 0 0
P 7.52209 1.33461 0 P 0 0
P 7.53949 3.14861 0 P 0 0
P 7.54169 1.91341 0 P 0 0
P 7.54569 2.48421 0 P 0 0
P 7.56539 3.44061 0 P 0 0
P 7.56539 2.86791 0 P 0 0
P 7.56539 2.29711 0 P 0 0
P 7.56539 1.72621 0 P 0 0
P 7.56539 1.15531 0 P 0 0
P 7.58109 3.91341 0 P 0 0
P 7.58109 1.33271 0 P 0 0
P 7.59289 3.09741 0 P 0 0
P 7.59779 2.92721 0 P 0 0
P 7.59879 3.50001 0 P 0 0
P 7.59879 2.35631 0 P 0 0
P 7.59879 1.78941 0 P 0 0
P 7.59879 1.21461 0 P 0 0
P 7.60079 3.53741 0 P 0 0
P 7.60079 2.96651 0 P 0 0
P 7.60079 2.47441 0 P 0 0
P 7.60079 2.39571 0 P 0 0
P 7.60079 1.90351 0 P 0 0
P 7.60079 1.82481 0 P 0 0
P 7.60079 1.25391 0 P 0 0
P 7.64019 3.12401 0 P 0 0
P 7.64019 3.08461 0 P 0 0
P 7.64019 2.55121 0 P 0 0
P 7.64019 1.96851 0 P 0 0
P 7.64019 1.42131 0 P 0 0
P 7.73859 3.91341 0 P 0 0
P 7.73859 3.14371 0 P 0 0
P 7.73859 2.57281 0 P 0 0
P 7.73859 1.98231 0 P 0 0
P 7.73859 1.43111 0 P 0 0
